0 2573 1541 1785 237 1194 1950 1710 840 1608
2573 0 2158 376 2854 1395 967 2254 562 2803
1541 2158 0 2033 2548 2867 815 2421 688 134
1785 376 2033 0 2243 116 118 2842 926 1618
237 2854 2548 2243 0 1677 2177 2252 2102 228
1194 1395 2867 116 1677 0 157 1367 637 2295
1950 967 815 118 2177 157 0 105 804 2111
1710 2254 2421 2842 2252 1367 105 0 159 524
840 562 688 926 2102 637 804 159 0 1110
1608 2803 134 1618 228 2295 2111 524 1110 0
